[74.71727503 74.38476514 74.05292201 73.72106994 73.389218 73.05736606]
[74.71727503 74.38476514 74.05292201 73.72106994 73.389218 73.05736606]
[74.71727503 74.38476514 74.05292201 73.72106994 73.389218 73.05736606]
[74.71727503 74.38476514 74.05292201 73.72106994 73.389218 73.05736606]
[74.71727503 74.38476514 74.05292201 73.72106994 73.389218 73.05736606]
[74.71727503 74.38476514 74.05292201 73.72106994 73.389218 73.05736606]
[74.71727503 74.38476514 74.05292201 73.72106994 73.389218 73.05736606]
[74.71727503 74.38476514 74.05292201 73.72106994 73.389218 73.05736606]
[74.71727503 74.38476514 74.05292201 73.72106994 73.389218 73.05736606]
[74.71727503 74.38476514 74.05292201 73.72106994 73.389218 73.05736606]
[74.71727503 74.38476514 74.05292201 73.72106994 73.389218 73.05736606]
[77.27458249 79.45905783 78.52304839 79.57026456 79.35704073 79.94489015]
[77.27458249 79.45905783 78.52304839 79.57026456 79.35704073 79.94489015]
[79.44428061 78.18089878 79.44250817 78.98454876 79.6976496 79.61323532]
[75.61846965 74.93864716 74.90254513 74.547273 74.35025209 74.07476692]
[76.32796671 77.21302208 76.69853639 76.95004494 76.78231094 76.84403599]
[76.32796671 77.21302208 76.69853639 76.95004494 76.78231094 76.84403599]
[76.32796671 77.21302208 76.69853639 76.95004494 76.78231094 76.84403599]
[77.05994584 76.37851479 76.68807954 76.43368098 76.50022688 76.38412731]
[77.05994584 76.37851479 76.68807954 76.43368098 76.50022688 76.38412731]
[77.05994584 76.37851479 76.68807954 76.43368098 76.50022688 76.38412731]
[77.05994584 76.37851479 76.68807954 76.43368098 76.50022688 76.38412731]
[77.05994584 76.37851479 76.68807954 76.43368098 76.50022688 76.38412731]
[77.05994584 76.37851479 76.68807954 76.43368098 76.50022688 76.38412731]
[77.05994584 76.37851479 76.68807954 76.43368098 76.50022688 76.38412731]
[75.2187649 74.79049347 74.70573047 74.43860051 74.26828829 74.046576 ]
[75.2187649 74.79049347 74.70573047 74.43860051 74.26828829 74.046576 ]
[75.2187649 74.79049347 74.70573047 74.43860051 74.26828829 74.046576 ]
[75.2187649 74.79049347 74.70573047 74.43860051 74.26828829 74.046576 ]
[75.2187649 74.79049347 74.70573047 74.43860051 74.26828829 74.046576 ]
[75.2187649 74.79049347 74.70573047 74.43860051 74.26828829 74.046576 ]
[75.2187649 74.79049347 74.70573047 74.43860051 74.26828829 74.046576 ]
[77.44250604 79.04337027 78.35618201 78.92794836 78.80700039 79.06720447]
[77.44250604 79.04337027 78.35618201 78.92794836 78.80700039 79.06720447]
[77.44250604 79.04337027 78.35618201 78.92794836 78.80700039 79.06720447]
[77.44250604 79.04337027 78.35618201 78.92794836 78.80700039 79.06720447]
[77.44250604 79.04337027 78.35618201 78.92794836 78.80700039 79.06720447]
[77.44250604 79.04337027 78.35618201 78.92794836 78.80700039 79.06720447]
[77.44250604 79.04337027 78.35618201 78.92794836 78.80700039 79.06720447]
[77.44250604 79.04337027 78.35618201 78.92794836 78.80700039 79.06720447]
[77.44250604 79.04337027 78.35618201 78.92794836 78.80700039 79.06720447]
[77.44250604 79.04337027 78.35618201 78.92794836 78.80700039 79.06720447]
[77.44250604 79.04337027 78.35618201 78.92794836 78.80700039 79.06720447]
[77.44250604 79.04337027 78.35618201 78.92794836 78.80700039 79.06720447]
[77.44250604 79.04337027 78.35618201 78.92794836 78.80700039 79.06720447]
[77.44250604 79.04337027 78.35618201 78.92794836 78.80700039 79.06720447]
[77.44250604 79.04337027 78.35618201 78.92794836 78.80700039 79.06720447]
[77.44250604 79.04337027 78.35618201 78.92794836 78.80700039 79.06720447]
[77.44250604 79.04337027 78.35618201 78.92794836 78.80700039 79.06720447]
[77.44250604 79.04337027 78.35618201 78.92794836 78.80700039 79.06720447]
[77.44250604 79.04337027 78.35618201 78.92794836 78.80700039 79.06720447]
[77.44250604 79.04337027 78.35618201 78.92794836 78.80700039 79.06720447]
[77.44250604 79.04337027 78.35618201 78.92794836 78.80700039 79.06720447]
[77.44250604 79.04337027 78.35618201 78.92794836 78.80700039 79.06720447]
[77.44250604 79.04337027 78.35618201 78.92794836 78.80700039 79.06720447]
[77.44250604 79.04337027 78.35618201 78.92794836 78.80700039 79.06720447]
[77.44250604 79.04337027 78.35618201 78.92794836 78.80700039 79.06720447]
[77.44250604 79.04337027 78.35618201 78.92794836 78.80700039 79.06720447]
[77.44250604 79.04337027 78.35618201 78.92794836 78.80700039 79.06720447]
[77.44250604 79.04337027 78.35618201 78.92794836 78.80700039 79.06720447]
[77.44250604 79.04337027 78.35618201 78.92794836 78.80700039 79.06720447]
[77.44250604 79.04337027 78.35618201 78.92794836 78.80700039 79.06720447]
[77.44250604 79.04337027 78.35618201 78.92794836 78.80700039 79.06720447]
[78.52626001 77.02901903 78.01230445 77.46632189 77.8631475 77.67872296]
[78.52626001 77.02901903 78.01230445 77.46632189 77.8631475 77.67872296]
[78.52626001 77.02901903 78.01230445 77.46632189 77.8631475 77.67872296]
[78.52626001 77.02901903 78.01230445 77.46632189 77.8631475 77.67872296]
[78.52626001 77.02901903 78.01230445 77.46632189 77.8631475 77.67872296]
[78.52626001 77.02901903 78.01230445 77.46632189 77.8631475 77.67872296]
[75.8555816 75.78969228 75.68110192 75.59573071 75.49773384 75.40660231]
[75.8555816 75.78969228 75.68110192 75.59573071 75.49773384 75.40660231]
[75.8555816 75.78969228 75.68110192 75.59573071 75.49773384 75.40660231]
[75.8555816 75.78969228 75.68110192 75.59573071 75.49773384 75.40660231]
[75.8555816 75.78969228 75.68110192 75.59573071 75.49773384 75.40660231]
[75.8555816 75.78969228 75.68110192 75.59573071 75.49773384 75.40660231]
[75.8555816 75.78969228 75.68110192 75.59573071 75.49773384 75.40660231]
[75.8555816 75.78969228 75.68110192 75.59573071 75.49773384 75.40660231]
[75.8555816 75.78969228 75.68110192 75.59573071 75.49773384 75.40660231]
[75.8555816 75.78969228 75.68110192 75.59573071 75.49773384 75.40660231]
[75.8555816 75.78969228 75.68110192 75.59573071 75.49773384 75.40660231]
[75.33320763 74.93526501 74.93829571 74.72142687 74.6251541 74.46274471]
[75.33320763 74.93526501 74.93829571 74.72142687 74.6251541 74.46274471]
[75.33320763 74.93526501 74.93829571 74.72142687 74.6251541 74.46274471]
[75.33320763 74.93526501 74.93829571 74.72142687 74.6251541 74.46274471]
[75.33320763 74.93526501 74.93829571 74.72142687 74.6251541 74.46274471]
[75.27823935 75.51162205 75.21514085 75.2126006 75.04699719 74.97185275]
[75.88454212 75.83258351 75.74570171 75.67802689 75.59978865 75.52736006]
[78.54755852 80.08115899 79.4827695 80.02470449 79.95672107 80.21496099]
[78.54755852 80.08115899 79.4827695 80.02470449 79.95672107 80.21496099]
[78.54755852 80.08115899 79.4827695 80.02470449 79.95672107 80.21496099]
[78.881967 76.39961261 78.01609671 76.99279002 77.669598 77.25147456]
[78.881967 76.39961261 78.01609671 76.99279002 77.669598 77.25147456]
[78.881967 76.39961261 78.01609671 76.99279002 77.669598 77.25147456]
[78.881967 76.39961261 78.01609671 76.99279002 77.669598 77.25147456]
[78.881967 76.39961261 78.01609671 76.99279002 77.669598 77.25147456]
[78.881967 76.39961261 78.01609671 76.99279002 77.669598 77.25147456]
[78.881967 76.39961261 78.01609671 76.99279002 77.669598 77.25147456]
[78.881967 76.39961261 78.01609671 76.99279002 77.669598 77.25147456]
[78.881967 76.39961261 78.01609671 76.99279002 77.669598 77.25147456]
[78.881967 76.39961261 78.01609671 76.99279002 77.669598 77.25147456]
[78.881967 76.39961261 78.01609671 76.99279002 77.669598 77.25147456]
[78.881967 76.39961261 78.01609671 76.99279002 77.669598 77.25147456]
[78.881967 76.39961261 78.01609671 76.99279002 77.669598 77.25147456]
[78.881967 76.39961261 78.01609671 76.99279002 77.669598 77.25147456]
[78.881967 76.39961261 78.01609671 76.99279002 77.669598 77.25147456]
[78.881967 76.39961261 78.01609671 76.99279002 77.669598 77.25147456]
[75.31266111 75.56713015 75.29591808 75.31812108 75.17655102 75.12639281]
[78.02564641 79.19757729 78.71257478 79.10016605 79.0282217 79.19828341]
[78.02564641 79.19757729 78.71257478 79.10016605 79.0282217 79.19828341]
[78.02564641 79.19757729 78.71257478 79.10016605 79.0282217 79.19828341]
[78.02564641 79.19757729 78.71257478 79.10016605 79.0282217 79.19828341]
[78.02564641 79.19757729 78.71257478 79.10016605 79.0282217 79.19828341]
[78.02564641 79.19757729 78.71257478 79.10016605 79.0282217 79.19828341]
[78.02564641 79.19757729 78.71257478 79.10016605 79.0282217 79.19828341]
[78.02564641 79.19757729 78.71257478 79.10016605 79.0282217 79.19828341]
[78.02564641 79.19757729 78.71257478 79.10016605 79.0282217 79.19828341]
[78.02564641 79.19757729 78.71257478 79.10016605 79.0282217 79.19828341]
[78.02564641 79.19757729 78.71257478 79.10016605 79.0282217 79.19828341]
[78.02564641 79.19757729 78.71257478 79.10016605 79.0282217 79.19828341]
[78.02564641 79.19757729 78.71257478 79.10016605 79.0282217 79.19828341]
[78.02564641 79.19757729 78.71257478 79.10016605 79.0282217 79.19828341]
[78.02564641 79.19757729 78.71257478 79.10016605 79.0282217 79.19828341]
[78.02564641 79.19757729 78.71257478 79.10016605 79.0282217 79.19828341]
[78.02564641 79.19757729 78.71257478 79.10016605 79.0282217 79.19828341]
[78.02564641 79.19757729 78.71257478 79.10016605 79.0282217 79.19828341]
[78.02564641 79.19757729 78.71257478 79.10016605 79.0282217 79.19828341]
[78.02564641 79.19757729 78.71257478 79.10016605 79.0282217 79.19828341]
[78.02564641 79.19757729 78.71257478 79.10016605 79.0282217 79.19828341]
[78.02564641 79.19757729 78.71257478 79.10016605 79.0282217 79.19828341]
[78.02564641 79.19757729 78.71257478 79.10016605 79.0282217 79.19828341]
[78.02564641 79.19757729 78.71257478 79.10016605 79.0282217 79.19828341]
[78.02564641 79.19757729 78.71257478 79.10016605 79.0282217 79.19828341]
[78.02564641 79.19757729 78.71257478 79.10016605 79.0282217 79.19828341]
[78.02564641 79.19757729 78.71257478 79.10016605 79.0282217 79.19828341]
[78.02564641 79.19757729 78.71257478 79.10016605 79.0282217 79.19828341]
[78.02564641 79.19757729 78.71257478 79.10016605 79.0282217 79.19828341]
[86.93184535 88.24485159 88.52496216 89.12060739 89.61986136 90.14856146]
[86.93184535 88.24485159 88.52496216 89.12060739 89.61986136 90.14856146]
[86.93184535 88.24485159 88.52496216 89.12060739 89.61986136 90.14856146]
[86.93184535 88.24485159 88.52496216 89.12060739 89.61986136 90.14856146]
[93.3911218 94.21999205 94.99576444 95.77797747 96.55940927 97.34093583]
[92.96107842 93.65279376 94.38150735 95.10513906 95.82946879 96.55370265]
[86.09579288 86.44121712 86.85619022 87.26471709 87.67384144 88.08291041]
[93.11662674 94.51286565 95.00398648 95.74490475 96.41688311 97.10788773]
[90.48898239 89.27919706 90.4770028 90.65765974 91.26803736 91.69686843]
[90.48898239 89.27919706 90.4770028 90.65765974 91.26803736 91.69686843]
[90.48898239 89.27919706 90.4770028 90.65765974 91.26803736 91.69686843]
[90.48898239 89.27919706 90.4770028 90.65765974 91.26803736 91.69686843]
[90.48898239 89.27919706 90.4770028 90.65765974 91.26803736 91.69686843]
[90.48898239 89.27919706 90.4770028 90.65765974 91.26803736 91.69686843]
[90.48898239 89.27919706 90.4770028 90.65765974 91.26803736 91.69686843]
[90.48898239 89.27919706 90.4770028 90.65765974 91.26803736 91.69686843]
[90.48898239 89.27919706 90.4770028 90.65765974 91.26803736 91.69686843]
[90.48898239 89.27919706 90.4770028 90.65765974 91.26803736 91.69686843]
[90.48898239 89.27919706 90.4770028 90.65765974 91.26803736 91.69686843]
[90.48898239 89.27919706 90.4770028 90.65765974 91.26803736 91.69686843]
[76.68783779 76.43209511 76.4740789 76.4704556 76.4738186 76.47611141]
[76.68783779 76.43209511 76.4740789 76.4704556 76.4738186 76.47611141]
[76.68783779 76.43209511 76.4740789 76.4704556 76.4738186 76.47611141]
[76.68783779 76.43209511 76.4740789 76.4704556 76.4738186 76.47611141]
[76.68783779 76.43209511 76.4740789 76.4704556 76.4738186 76.47611141]
[76.68783779 76.43209511 76.4740789 76.4704556 76.4738186 76.47611141]
[76.68783779 76.43209511 76.4740789 76.4704556 76.4738186 76.47611141]
[76.68783779 76.43209511 76.4740789 76.4704556 76.4738186 76.47611141]
[76.68783779 76.43209511 76.4740789 76.4704556 76.4738186 76.47611141]
[76.68783779 76.43209511 76.4740789 76.4704556 76.4738186 76.47611141]
[76.68783779 76.43209511 76.4740789 76.4704556 76.4738186 76.47611141]
[76.68783779 76.43209511 76.4740789 76.4704556 76.4738186 76.47611141]
[76.68783779 76.43209511 76.4740789 76.4704556 76.4738186 76.47[76.68783779 76.43209511 76.4740789 76.4704556 76.4738186 76.47611141]
[76.68783779 76.43209511 76.4740789 76.4704556 76.4738186 76.47611141]
[76.68783779 76.43209511 76.4740789 76.4704556 76.4738186 76.47611141]
[76.68783779 76.43209511 76.4740789 76.4704556 76.4738186 76.47611141]
[76.68783779 76.43209511 76.4740789 76.4704556 76.4738186 76.47611141]
[76.68783779 76.43209511 76.4740789 76.4704556 76.4738186 76.47611141]
[76.68783779 76.43209511 76.4740789 76.4704556 76.4738186 76.47611141]
[76.68783779 76.43209511 76.4740789 76.4704556 76.4738186 76.47611141]
[76.68783779 76.43209511 76.4740789 76.4704556 76.4738186 76.47611141]
[76.68783779 76.43209511 76.4740789 76.4704556 76.4738186 76.47611141]
[76.68783779 76.43209511 76.4740789 76.4704556 76.4738186 76.47611141]
[76.68783779 76.43209511 76.4740789 76.4704556 76.4738186 76.47611141]
[76.68783779 76.43209511 76.4740789 76.4704556 76.4738186 76.47611141]
[76.68783779 76.43209511 76.4740789 76.4704556 76.4738186 76.47611141]
[76.68783779 76.43209511 76.4740789 76.4704556 76.4738186 76.47611141]
[76.68783779 76.43209511 76.4740789 76.4704556 76.4738186 76.47611141]
[76.68783779 76.43209511 76.4740789 76.4704556 76.4738186 76.47611141]
[76.68783779 76.43209511 76.4740789 76.4704556 76.4738186 76.47611141]
[76.68783779 76.43209511 76.4740789 76.4704556 76.4738186 76.47611141]
[76.68783779 76.43209511 76.4740789 76.4704556 76.4738186 76.47611141]
[76.68783779 76.43209511 76.4740789 76.4704556 76.4738186 76.47611141]
[76.68783779 76.43209511 76.4740789 76.4704556 76.4738186 76.47611141]
[76.68783779 76.43209511 76.4740789 76.4704556 76.4738186 76.47611141]
[76.68783779 76.43209511 76.4740789 76.4704556 76.4738186 76.47611141]
[76.68783779 76.43209511 76.4740789 76.4704556 76.4738186 76.47611141]
[76.68783779 76.43209511 76.4740789 76.4704556 76.4738186 76.47611141]
[76.68783779 76.43209511 76.4740789 76.4704556 76.4738186 76.47611141]
[76.68783779 76.43209511 76.4740789 76.4704556 76.4738186 76.47611141]
[76.68783779 76.43209511 76.4740789 76.4704556 76.4738186 76.47611141]
[76.68783779 76.43209511 76.4740789 76.4704556 76.4738186 76.47611141]
[76.68783779 76.43209511 76.4740789 76.4704556 76.4738186 76.47611141]
[76.68783779 76.43209511 76.4740789 76.4704556 76.4738186 76.47611141]
[76.68783779 76.43209511 76.4740789 76.4704556 76.4738186 76.47611141]
[76.68783779 76.43209511 76.4740789 76.4704556 76.4738186 76.47611141]
