[69.55947982 64.28345585 61.84007341 58.48855283 55.42817917 52.27446451]
[73.05989825 89.54123462 77.40873529 87.15544837 80.1724947 85.98167195]
[73.05989825 89.54123462 77.40873529 87.15544837 80.1724947 85.98167195]
[88.4417145 67.13444507 84.01188378 68.30596958 80.40372178 68.77635681]
[88.4417145 67.13444507 84.01188378 68.30596958 80.40372178 68.77635681]
[88.4417145 67.13444507 84.01188378 68.30596958 80.40372178 68.77635681]
[88.4417145 67.13444507 84.01188378 68.30596958 80.40372178 68.77635681]
[88.4417145 67.13444507 84.01188378 68.30596958 80.40372178 68.77635681]
[88.4417145 67.13444507 84.01188378 68.30596958 80.40372178 68.77635681]
[88.4417145 67.13444507 84.01188378 68.30596958 80.40372178 68.77635681]
[88.4417145 67.13444507 84.01188378 68.30596958 80.40372178 68.77635681]
[88.4417145 67.13444507 84.01188378 68.30596958 80.40372178 68.77635681]
[88.4417145 67.13444507 84.01188378 68.30596958 80.40372178 68.77635681]
[88.4417145 67.13444507 84.01188378 68.30596958 80.40372178 68.77635681]
[88.4417145 67.13444507 84.01188378 68.30596958 80.40372178 68.77635681]
[88.4417145 67.13444507 84.01188378 68.30596958 80.40372178 68.77635681]
[88.4417145 67.13444507 84.01188378 68.30596958 80.40372178 68.77635681]
[88.4417145 67.13444507 84.01188378 68.30596958 80.40372178 68.77635681]
[88.4417145 67.13444507 84.01188378 68.30596958 80.40372178 68.77635681]
[88.4417145 67.13444507 84.01188378 68.30596958 80.40372178 68.77635681]
[88.4417145 67.13444507 84.01188378 68.30596958 80.40372178 68.77635681]
[88.4417145 67.13444507 84.01188378 68.30596958 80.40372178 68.77635681]
[88.4417145 67.13444507 84.01188378 68.30596958 80.40372178 68.77635681]
[88.4417145 67.13444507 84.01188378 68.30596958 80.40372178 68.77635681]
[88.4417145 67.13444507 84.01188378 68.30596958 80.40372178 68.77635681]
[88.4417145 67.13444507 84.01188378 68.30596958 80.40372178 68.77635681]
[88.4417145 67.13444507 84.01188378 68.30596958 80.40372178 68.77635681]
[88.4417145 67.13444507 84.01188378 68.30596958 80.40372178 68.77635681]
[88.4417145 67.13444507 84.01188378 68.30596958 80.40372178 68.77635681]
[88.4417145 67.13444507 84.01188378 68.30596958 80.40372178 68.77635681]
[88.4417145 67.13444507 84.01188378 68.30596958 80.40372178 68.77635681]
[88.4417145 67.13444507 84.01188378 68.30596958 80.40372178 68.77635681]
[88.4417145 67.13444507 84.01188378 68.30596958 80.40372178 68.77635681]
[88.4417145 67.13444507 84.01188378 68.30596958 80.40372178 68.77635681]
[88.4417145 67.13444507 84.01188378 68.30596958 80.40372178 68.77635681]
[88.4417145 67.13444507 84.01188378 68.30596958 80.40372178 68.77635681]
[88.4417145 67.13444507 84.01188378 68.30596958 80.40372178 68.77635681]
[88.4417145 67.13444507 84.01188378 68.30596958 80.40372178 68.77635681]
[88.4417145 67.13444507 84.01188378 68.30596958 80.40372178 68.77635681]
[88.4417145 67.13444507 84.01188378 68.30596958 80.40372178 68.77635681]
[88.4417145 67.13444507 84.01188378 68.30596958 80.40372178 68.77635681]
[88.4417145 67.13444507 84.01188378 68.30596958 80.40372178 68.77635681]
[88.4417145 67.13444507 84.01188378 68.30596958 80.40372178 68.77635681]
[88.4417145 67.13444507 84.01188378 68.30596958 80.40372178 68.77635681]
[88.4417145 67.13444507 84.01188378 68.30596958 80.40372178 68.77635681]
[88.4417145 67.13444507 84.01188378 68.30596958 80.40372178 68.77635681]
[88.4417145 67.13444507 84.01188378 68.30596958 80.40372178 68.77635681]
[88.4417145 67.13444507 84.01188378 68.30596958 80.40372178 68.77635681]
[88.4417145 67.13444507 84.01188378 68.30596958 80.40372178 68.77635681]
[88.4417145 67.13444507 84.01188378 68.30596958 80.40372178 68.77635681]
[88.4417145 67.13444507 84.01188378 68.30596958 80.40372178 68.77635681]
[88.4417145 67.13444507 84.01188378 68.30596958 80.40372178 68.77635681]
[88.4417145 67.13444507 84.01188378 68.30596958 80.40372178 68.77635681]
[88.4417145 67.13444507 84.01188378 68.30596958 80.40372178 68.77635681]
[88.4417145 67.13444507 84.01188378 68.30596958 80.40372178 68.77635681]
[88.4417145 67.13444507 84.01188378 68.30596958 80.40372178 68.77635681]
[88.4417145 67.13444507 84.01188378 68.30596958 80.40372178 68.77635681]
[88.4417145 67.13444507 84.01188378 68.30596958 80.40372178 68.77635681]
[88.4417145 67.13444507 84.01188378 68.30596958 80.40372178 68.77635681]
[88.4417145 67.13444507 84.01188378 68.30596958 80.40372178 68.77635681]
[88.4417145 67.13444507 84.01188378 68.30596958 80.40372178 68.77635681]
[88.4417145 67.13444507 84.01188378 68.30596958 80.40372178 68.77635681]
[88.4417145 67.13444507 84.01188378 68.30596958 80.40372178 68.77635681]
[88.4417145 67.13444507 84.01188378 68.30596958 80.40372178 68.77635681]
[88.4417145 67.13444507 84.01188378 68.30596958 80.40372178 68.77635681]
[88.4417145 67.13444507 84.01188378 68.30596958 80.40372178 68.77635681]
[88.4417145 67.13444507 84.01188378 68.30596958 80.40372178 68.77635681]
[88.4417145 67.13444507 84.01188378 68.30596958 80.40372178 68.77635681]
[88.4417145 67.13444507 84.01188378 68.30596958 80.40372178 68.77635681]
[88.4417145 67.13444507 84.01188378 68.30596958 80.40372178 68.77635681]
[88.4417145 67.13444507 84.01188378 68.30596958 80.40372178 68.77635681]
[88.4417145 67.13444507 84.01188378 68.30596958 80.40372178 68.77635681]
[88.4417145 67.13444507 84.01188378 68.30596958 80.40372178 68.77635681]
[88.4417145 67.13444507 84.01188378 68.30596958 80.40372178 68.77635681]
[88.4417145 67.13444507 84.01188378 68.30596958 80.40372178 68.77635681]
[88.4417145 67.13444507 84.01188378 68.30596958 80.40372178 68.77635681]
[88.4417145 67.13444507 84.01188378 68.30596958 80.40372178 68.77635681]
[88.4417145 67.13444507 84.01188378 68.30596958 80.40372178 68.77635681]
[88.4417145 67.13444507 84.01188378 68.30596958 80.40372178 68.77635681]
[88.4417145 67.13444507 84.01188378 68.30596958 80.40372178 68.77635681]
[88.4417145 67.13444507 84.01188378 68.30596958 80.40372178 68.77635681]
[88.4417145 67.13444507 84.01188378 68.30596958 80.40372178 68.77635681]
[88.4417145 67.13444507 84.01188378 68.30596958 80.40372178 68.77635681]
[88.4417145 67.13444507 84.01188378 68.30596958 80.40372178 68.77635681]
[88.4417145 67.13444507 84.01188378 68.30596958 80.40372178 68.77635681]
[88.4417145 67.13444507 84.01188378 68.30596958 80.40372178 68.77635681]
[88.4417145 67.13444507 84.01188378 68.30596958 80.40372178 68.77635681]
[88.4417145 67.13444507 84.01188378 68.30596958 80.40372178 68.77635681]
[88.4417145 67.13444507 84.01188378 68.30596958 80.40372178 68.77635681]
[88.4417145 67.13444507 84.01188378 68.30596958 80.40372178 68.77635681]
[88.4417145 67.13444507 84.01188378 68.30596958 80.40372178 68.77635681]
[88.4417145 67.13444507 84.01188378 68.30596958 80.40372178 68.77635681]
[88.4417145 67.13444507 84.01188378 68.30596958 80.40372178 68.77635681]
[88.4417145 67.13444507 84.01188378 68.30596958 80.40372178 68.77635681]
[88.4417145 67.13444507 84.01188378 68.30596958 80.40372178 68.77635681]
[88.4417145 67.13444507 84.01188378 68.30596958 80.40372178 68.77635681]
