0.05
0.05
0.05
0.05
61.33
0.05
0.05
0.05
0.05
61.33
0.04
0.05
0.05
0.05
61.33
0.05
0.05
61.33
0.05
0.00
61.33
61.33
61.33
51.33
51.33
51.33
51.33
51.33
51.33
51.33
51.33
51.33
51.33
51.33
51.33
51.33
51.33
51.33
51.33
0.08
0.05
0.05
0.10
0.05
0.06
0.05
0.05
0.06
0.05
0.05
0.07
0.05
0.05
0.05
0.06
0.05
0.05
0.05
28.01
0.05
0.05
0.05
27.23
0.05
0.05
0.05
22.81
0.05
0.05
0.05
54.34
0.04
0.05
0.05
56.52
0.05
0.05
0.05
28.05
0.05
0.05
0.05
32.58
0.05
0.05
0.05
34.10
0.05
0.05
0.05
34.10
0.05
0.05
0.05
28.52
0.05
0.05
0.05
34.10
0.05
0.04
0.05
33.09
0.05
0.05
0.05
33.91
0.04
0.05
0.05
33.12
0.05
0.05
0.05
28.67
0.05
0.05
0.05
33.12
0.04
0.05
0.05
34.06
0.05
0.05
0.05
28.67
0.05
0.05
0.05
33.09
0.04
0.05
0.05
33.01
0.05
0.05
0.05
34.34
0.05
0.05
0.05
28.63
0.04
0.05
0.05
28.63
0.05
0.05
0.05
28.63
0.05
0.05
0.05
28.63
0.05
0.05
0.05
28.63
0.05
0.05
28.63
0.05
28.63
28.63
28.63
28.63
28.63
28.63
28.63
28.63
28.63
28.63
28.63
28.63
28.63
28.63
28.63
28.63
28.63
28.63
28.63
28.63
28.63
28.63
28.63
28.63
28.63
28.63
28.63
28.63
28.63
28.63
28.63
28.63
28.63
23.63
23.63
